1807.1	20	7  
-999 57.4686 -12.3096    
2089.3 57.4806 -12.3047  
2418.1 57.4809 -12.2906  
2639.4 57.4801 -12.2827 
2622.6 57.4798 -12.2828  
2548.3 57.4796 -12.2845 
2436.2 57.4797 -12.2877  
2484.9 57.4804 -12.3346
2531.4 57.4803 -12.3363
2543.3 57.4802 -12.3368
2070.8 57.4707 -12.3290
2051.2  57.4696 -12.3281
2038.2  57.4686 -12.3271
2175.2  57.4615 -12.3207
2223.8  57.4604 -12.3196 
2277.1  57.4594 -12.3184
2687.9  57.4537 -12.3147 
2671.4  57.4539 -12.3149
2655.2  57.4541 -12.3149
2651.2  57.4541 -12.3149
2647.7  57.4542 -12.3148
2217.4  57.4608 -12.3007
2156.2  57.4621 -12.3001
2092.9  57.4720 -12.2930
2144.1  57.4733 -12.2917
2205.6  57.4746 -12.2905
2618.9  57.4805 -12.2839
2627.6  57.4806 -12.2838 
2633.0  57.4806 -12.2836
2638.7  57.4807 -12.2835
2644.3  57.4807 -12.2833

