1807.1	20	7  
-999 57.4686 -12.3096  
2155 57.4629 -12.3241  
2118 57.4656 -12.3271  
2512.6 57.4767 -12.3388  
2639.8 57.4782 -12.3409  
2670.4 57.4802 -12.3404   
2566.0 57.4808 -12.3369   
2461.8 57.4808 -12.3341  
2089.3 57.4806 -12.3047  
2418.1 57.4809 -12.2906  
2639.4 57.4801 -12.2827 
2622.6 57.4798 -12.2828  
2548.3 57.4796 -12.2845 
2436.2 57.4797 -12.2877  


 11:43:00   57.4804 -12.3346  1800.6  1794.6 
         5728.82 N   -1220.08 E 
 11:43:49   57.4803 -12.3363  1803.8  1797.8 
         5728.82 N   -1220.18 E 
 11:44:10   57.4802 -12.3368  1796.6  1790.7 
         5728.81 N   -1220.21 E 
 11:52:09   57.4707 -12.3290  1801.3  1795.3 
         5728.24 N   -1219.74 E 
 11:52:39   57.4696 -12.3281  1800.2  1794.2 
         5728.18 N   -1219.68 E 
 11:53:08   57.4686 -12.3271  1798.8  1792.8 
         5728.12 N   -1219.63 E 
 11:56:29   57.4615 -12.3207  1806.0  1800.0 
         5727.69 N   -1219.24 E 
 11:57:00   57.4604 -12.3196  1805.7  1799.7 
         5727.63 N   -1219.17 E 
 11:57:30   57.4594 -12.3184  1806.5  1800.5 
         5727.56 N   -1219.11 E 
 12:01:34   57.4537 -12.3147  1807.7  1801.7 
         5727.22 N   -1218.88 E 
 12:02:21   57.4539 -12.3149  1807.8  1801.8 
         5727.23 N   -1218.89 E 
 12:03:07   57.4541 -12.3149  1803.2  1797.2 
         5727.24 N   -1218.90 E 
 12:03:30   57.4541 -12.3149  1788.0  1782.1 
         5727.25 N   -1218.90 E 
 12:04:01   57.4542 -12.3148  1808.3  1802.3 
         5727.25 N   -1218.89 E 

